0.0000 13088.5000
87.2500 13086.8424
174.5000 13081.8697
261.7500 13073.5818
349.0000 13061.9787
436.2500 13047.0605
523.5000 13028.8271
610.7500 13007.2786
698.0000 12982.4149
785.2500 12954.2360
872.5000 12922.7420
959.7500 12887.9328
1047.0000 12849.8084
1134.2500 12808.3689
1221.5000 12763.6143
1221.5000 12166.3319
1472.4444 12026.6007
1723.3889 11863.6736
1974.3333 11675.5238
2225.2778 11460.1242
2476.2222 11215.4480
2727.1667 10939.4683
2978.1111 10630.1580
3229.0556 10285.4904
3480.0000 9903.4384
3480.0000 5566.5000
3500.0000 5556.4000
3600.0000 5506.4000
3700.0000 5456.6000
3800.0000 5406.8000
3900.0000 5357.1000
4000.0000 5307.3000
4100.0000 5257.3000
4200.0000 5207.2000
4300.0000 5156.7000
4400.0000 5105.9000
4500.0000 5054.7000
4600.0000 5003.0000
4700.0000 4950.8000
4800.0000 4897.9000
4900.0000 4844.3000
5000.0000 4789.9000
5100.0000 4734.6000
5200.0000 4678.5000
5300.0000 4621.3000
5400.0000 4563.1000
5500.0000 4503.8000
5600.0000 4443.2000
5701.0000 4380.7000
5701.0000 3992.1000
5800.0000 3939.3000
5900.0000 3813.2000
5971.0000 3723.7000
5971.0000 3543.3000
6000.0000 3525.9000
6100.0000 3466.2000
6151.0000 3435.8000
6151.0000 3359.5000
6200.0000 3364.8000
6300.0000 3375.7000
6346.6000 3380.7000
6346.6000 2900.0000
6356.0000 2900.0000
6356.0000 2600.0000
6368.0000 2600.0000
6368.0000 1020.0000
6371.0000 1020.0000
