7.0155902004454305 239.3220338983051
8.351893095768368 176.61016949152543
14.36525612472159 120.00000000000003
17.371937639198215 102.71186440677968
34.74387527839644 83.05084745762716
86.52561247216036 60.00000000000003
96.21380846325167 67.11864406779665
119.59910913140311 47.11864406779662
130.28953229398664 46.77966101694918
147.3273942093541 48.81355932203391
151.33630289532294 48.81355932203391
160.6904231625835 46.44067796610173
166.03563474387525 48.474576271186464
170.71269487750556 46.44067796610173
165.3674832962138 43.72881355932205
185.4120267260579 48.13559322033899
