-249.45753922192682  42.0171333054743
-220.31630284195154  41.63017133305474
-182.19848728797695  42.118261596322604
-144.87259894409706  41.90263267864605
-103.02682817238927  42.18010865022984
-73.35904444527652  41.10447137484329
-53.05116636087919  37.74467195988299
-31.669131688321414  33.27998328458003
-12.747126221589866  28.7024655244463
8.980323510690056  24.48767237776849
32.51488373834573  23.076890931884662
59.566780244879624  22.987463435018803
96.74102295278391  22.921437526117842
127.81152881267082  22.921437526117842
151.62831841839215  21.508148767237774
180.41571498109107  20.895528625156707
213.25120754858273  21.16464688675303
243.9468116973078  20.854575846218136
258.8881192196802  19.335144170497284
269.0483768300445  16.660676974508984
282.51535178043207  14.633096531550354
296.98487287976934  14.186794818219806
316.9094244954506  14.964897618052653
336.9687722319991  16.630589218554114
352.78204216123106  17.20309235269536
371.2743849926985  17.147095695779356
396.70872804882606  17.107814458838277
433.1331673344067  16.847053907229416
467.1691878533717  17.10697868783953
518.2821919346987  17.775595486836604
543.8934548994645  18.821980777267026
574.9808102744598  19.123694107814458
598.6459542442055  19.245716673631424
620.8199161268581  18.472628499791057
634.3374396225709  15.828249059757624
647.5053356797843  12.985791893021307
664.5907439997004  11.981195152528208
681.6213913955143  12.016297534475555
705.3581458044707  11.960300877559547
731.0494439660014  12.017969076473044
794.0834799865203  12.015461763476807
