-246.92589957688995  -0.9022147931466833
-224.21696558954582  -0.6180526535729243
-193.64773280413374  -0.5152528207271203
-164.2369041824241  -0.5010447137484348
-135.1251544538885  -0.6740493104889254
-124.5857827535852  -1.0100292519849603
-101.08070917736923  0.7409109903886275
-61.59387052083724  0.7333890513999108
-21.05814954880745  0.9364814040952751
-9.069719549181883  1.3209360635185945
0.1848766241060389  3.0451316339323
24.882053394241183  7.2866694525699955
56.69393791889763  9.581696615127456
83.55206500168492  8.188466360217298
111.02941176470586  8.676556623485162
138.32562624031152  8.71082323443376
168.7305762534167  8.521938988717089
202.75395963605047  7.594233180108645
234.8944097053207  7.329293773506059
257.9445463736099  6.8378604262432106
279.18336016774623  7.5248641872127
306.16785861384653  7.493104889260337
325.8396675029019  7.102799832845797
333.1228704085071  6.384872544922686
357.11657992286666  6.435018804847466
388.1281124798742  6.361470956957788
420.60976523008947  6.257835353113244
440.1594151346088  5.710405348934387
461.84052870034066  6.081487672377769
485.1518328528101  6.556205599665688
510.2365484704384  7.344337651483492
530.4096304339686  7.344337651483492
565.7262141011719  8.09235269536147
602.0958924626502  8.015461763476807
634.4932976373235  8.396573338905135
660.6058336765641  8.108232344337651
690.745403826712  7.926034266610948
724.2380274834312  7.926034266610948
752.3767177144568  7.977016297534476
794.8122215149585  7.976180526535728
